Case 1:
6076
53
10176
8408
6
11
42
9
11781
52
56
15
4201
1247
42
2411
19
2118
40
38
57
2
5
48
Case 2:
1360
850
340
24
20
234
524
921
391
24
12
25
521
53
36
173
40
313
197
27
1
50
46
13
19
27
0
27
69
520
68
147
2
555
1340
237
33
1383
0
24
0
60
52
1002
649
50
878
108
29
1219
0
890
110
0
0
1163
585
305
29
1080
868
51
1009
46
60
0
0
7
51
1541
0
127
417
728
897
72
47
1098
659
395
633
229
36
0
6
166
298
90
0
0
0
36
19
151
0
0
81
770
37
213
451
224
9
914
36
0
49
0
37
0
500
425
103
79
0
0
73
0
73
72
46
681
832
0
154
0
0
53
580
12
57
82
0
0
403
0
165
0
10
739
151
0
1044
0
380
184
598
118
66
81
0
0
72
9
544
376
76
216
165
0
6
0
656
22
37
347
31
0
74
103
522
17
409
25
398
215
262
75
0
523
0
537
12
644
0
14
395
30
38
0
751
635
651
0
7
0
0
25
195
0
25
0
50
0
520
178
512
27
0
686
0
61
168
207
339
186
28
105
41
144
621
0
1
0
74
486
32
187
6
8
0
213
0
0
0
114
17
0
474
251
0
0
10
541
51
0
731
647
605
0
12
0
455
586
79
708
20
10
12
0
626
33
0
0
0
299
565
0
0
60
0
8
0
39
337
51
0
101
0
0
231
90
115
277
31
25
454
563
6
225
182
119
345
0
781
447
825
189
Case 3:
8
19
13159
52
2391
19459
24
7439
179
18
41
38
10918
9143
1996
63
42
46
21
50
13639
28
42
1537
6982
3863
276
3806
10
12
8
2682
40
1250
19784
9677
0
19125
16249
21
11
63
892
36
22
2632
56
12841
7527
42
7822
15872
1427
1933
12602
2587
5
27
21
43
10
55
2295
5553
26
8
4387
4125
21240
8
51
1171
733
48
524
0
20620
17626
51
41
7464
13012
25
1304
1
11134
2250
4830
3340
1025
10
5280
14
49
53
25
2600
17611
43
956
57
1961
7
4
4441
63
11959
63
6796
52
5079
15737
17991
14257
0
25154
44
4906
13372
18
29
8
16247
20
0
2523
43
8332
16
36
0
10883
18
12453
9793
12
11681
45
10066
2
7287
3114
3761
0
53
21582
46
5725
28
5
12026
3
61
14836
2848
5290
14594
46
17
9074
4766
62
18237
29
12005
3752
63
22
14607
10259
60
14614
19694
15969
48
33
35
54
3655
307
3542
16
5991
1172
11295
49
4
18
59
26220
5885
34
58
10
16
57
333
48
60
14
18292
38
19
1573
47
21
1869
9683
3623
63
16
1276
43
9
54
2
48
4029
36
11352
18076
1251
3007
5356
30
35
13
32
12643
4194
4265
9706
5637
13220
47
7276
40
13286
33
51
30
16182
52
12930
30
58
70
15
21
24
13134
24
14269
45
10164
4
59
8638
43
5567
3880
7885
1069
49
20
0
58
1338
19
9
266
6063
57
25
41
13639
30
12090
14319
30
37
15581
7181
7324
6
5921
2386
0
13975
2782
27
2348
11356
26
13750
13400
59
10981
11304
52
2788
16409
17
9281
54
26
2870
32
2750
3179
7467
15381
36
8718
43
8593
16869
18
28
51
2712
0
16
4444
54
84
83
61
48
1815
0
5254
2420
48
11967
55
3
3770
1180
45
30
0
6759
0
11
2728
610
12173
39
37
0
22
5842
4052
851
46
61
3575
55
1193
7478
4
61
0
5634
17326
0
6976
0
11238
13289
28
67
0
0
7903
19274
16806
59
372
12348
51
48
105
2099
50
22
1904
4828
5110
10498
33
17086
1227
0
43
10785
0
54
24
12862
25
4190
5298
0
48
7059
7597
33
17845
27
1
21586
7443
8767
4264
52
9
6260
0
54
19468
6705
10600
0
46
41
17427
0
20
2045
7
45
8192
40
10810
7555
11
57
6756
5351
46
16931
31
14199
3244
0
28
6502
10767
15611
1
79
18129
36
57
54
12094
75
5525
51
30
32
1569
11266
58
3190
59
22
2108
16068
9294
0
19052
18255
32
6660
1536
1011
52
27
28
40
21
16492
1664
9631
27
8673
58
9
58
13
12963
456
57
12138
86
9251
20
6965
16
65
12664
6974
38
17837
20
9520
7
10246
40
1504
16
10960
3917
16520
82
5
11
1713
2484
7374
61
88
10398
14641
30
0
21
2394
8129
43
86
0
0
19
26
6782
856
57
0
0
6839
3116
28
11445
0
0
53
73
8064
10419
3810
4575
18
3175
3331
48
12
11824
27
1675
21027
14469
9704
25
12730
15820
2686
58
27
2429
0
1069
12127
35
10050
11152
17
18637
10
1928
1291
44
59
7112
3953
57
6184
13629
23063
966
11896
52
27
20
762
4347
7127
8
14701
49
1
13183
16261
31
0
12966
34
13844
1084
30
20
50
2154
0
10750
2183
6935
19936
21
6081
64
4174
1838
3467
60
20
19813
9
10853
45
9276
3660
79
24
3002
2735
4296
5136
6191
22
18
4042
13779
9331
41
4229
15682
9183
7146
30
9780
196
14
7796
3945
4023
10831
7014
690
10539
288
2704
42
56
9064
10856
320
8748
6120
4
17566
13920
16970
0
Case 4:
7226
23
7721
10919
4
20
2499
9449
811
41
5065
16305
4181
30
11843
20148
307
29100
3
14
11524
18455
62
10387
864
9
3490
14953
63
7
17119
43
19372
1
16
35
5236
57
4917
9370
15576
33
42
58
40
33
28
29
45
4646
3324
17514
63
7224
10455
38
10793
870
1258
37
16
1542
32
14414
11044
1799
15178
853
20984
9337
40
1057
10333
20776
39
42
0
17342
0
40
50
46
30
36
1
60
13
20
18112
946
48
3534
10931
52
0
27
21530
38
9473
26
24
12652
4893
44
4009
39
43
7624
14588
48
9549
6978
Case 5:
54
37
978
24
838
1307
0
600
1095
25
17
30
10
57
51
30
591
58
35
1782
873
52
599
16
1416
898
3258
46
45
101
1630
2
1
1391
11
498
0
21
0
18
1354
0
0
897
378
0
1385
0
57
47
27
2237
647
92
176
149
60
55
32
1104
36
6
0
36
530
0
17
1687
442
57
40
6
57
15
27
13
2578
421
31
926
0
57
0
3
1779
2714
1252
23
2677
243
623
268
0
7
84
0
2275
5
474
172
60
0
776
865
32
73
5
574
20
7
307
41
1992
73
1
0
41
77
3079
5
0
402
495
8
40
779
1
2262
38
1681
88
0
34
35
0
1437
0
88
693
1019
1532
186
0
520
579
0
969
0
225
0
359
14
483
0
13
592
878
0
0
Case 6:
15
39
150
38
47
214
3
49
41
79
653
982
33
63
0
44
994
0
28
658
174
630
39
43
529
1148
333
888
588
704
19
0
410
3
728
27
508
53
52
6
63
242
1020
1420
1076
316
0
0
208
715
1000
179
803
0
0
176
537
1461
31
0
133
708
44
126
40
0
0
379
652
61
0
85
219
254
0
751
1313
560
21
0
59
503
564
41
82
738
1023
33
971
355
269
1618
12
11
14
1299
1119
259
0
992
48
26
273
399
157
39
0
0
0
5
0
14
318
368
117
1532
22
1704
1535
65
30
108
114
421
921
0
829
90
123
1060
0
29
1642
1159
1614
0
1238
1096
61
101
804
1293
312
18
77
880
26
176
47
352
77
7
632
87
0
625
382
0
564
868
10
10
0
327
84
10
41
252
206
240
113
974
899
73
5
47
0
0
262
18
0
0
145
221
0
18
467
496
837
466
44
0
0
47
54
40
864
473
545
817
82
0
76
0
80
32
77
0
24
606
423
22
190
90
332
66
0
706
4
720
290
419
1
779
94
522
51
49
101
9
88
310
238
51
65
82
264
266
0
0
26
934
5
0
547
34
0
0
452
0
47
1
206
0
10
7
1033
767
124
388
16
310
0
221
37
951
624
273
31
0
540
0
303
385
43
163
29
0
1
0
0
0
534
193
28
0
780
0
0
288
133
48
9
0
0
440
909
42
426
30
44
0
786
309
252
40
56
0
0
38
379
194
0
290
45
194
303
18
0
31
93
33
44
237
0
251
0
671
125
0
2
67
23
0
335
404
280
18
19
223
422
233
459
164
523
0
562
28
357
316
32
73
0
254
153
0
69
0
181
110
48
26
0
329
0
0
23
0
731
7
29
0
36
0
26
461
24
379
6
0
72
768
589
32
24
630
0
0
0
0
450
5
58
311
445
476
24
48
631
0
175
115
2
11
46
24
24
76
0
800
0
0
487
283
0
314
244
478
0
0
508
28
17
0
23
480
539
32
0
431
855
139
0
13
0
5
0
0
2
78
93
0
548
436
611
0
668
51
0
561
56
579
26
652
2
0
651
20
25
0
330
0
41
Case 7:
12
2217
59
149
37
798
20
0
12
55
38
42
60
1298
59
25
23
41
6
19
150
45
5
2
5
0
601
13
506
13
398
9
36
1118
1530
635
0
857
58
57
140
26
422
58
0
465
2304
941
53
908
18
1224
800
0
0
14
0
54
558
384
0
56
1565
1318
10
31
0
1296
266
1877
1060
786
0
38
20
0
1418
420
40
9
43
2007
1949
0
956
6
26
0
61
1096
32
22
422
79
0
56
525
0
1168
49
119
930
29
0
1415
376
1264
0
17
0
585
859
438
16
222
420
102
744
361
0
4
0
1300
0
427
103
Case 8:
51
9
297
617
276
2597
23
2564
54
37
201
2258
13
197
33
56
689
52
57
2667
18
2289
1928
3445
46
27
2013
1222
343
1973
44
266
18
49
0
51
75
2000
1734
22
2340
47
10
37
3084
2
1382
2188
40
2001
2
2618
26
391
34
5
486
1086
35
19
2341
1303
57
1949
0
0
2020
1250
1672
1335
1248
98
2085
34
0
746
25
610
747
480
65
9
31
1651
35
61
0
786
1448
371
674
128
59
108
3035
8
0
2005
0
63
44
656
507
55
2248
933
0
62
2005
300
23
0
0
68
190
1
2690
72
379
15
743
61
93
695
332
2066
52
0
947
0
0
0
24
13
2571
408
16
23
0
64
1903
44
1446
0
10
0
0
1736
64
23
783
44
307
28
1236
115
613
1401
0
978
882
34
1827
278
289
59
24
610
40
0
1211
44
0
1360
3
456
0
1504
35
492
48
1214
729
699
108
79
6
0
30
437
75
49
1336
0
0
0
1128
12
2170
0
575
329
5
1313
35
1242
877
388
14
1051
0
2204
266
39
53
36
1840
0
512
412
7
34
1
309
33
625
2460
143
45
59
45
22
348
571
0
16
107
8
0
56
0
2030
0
31
62
5
45
31
50
1395
0
1452
356
2264
0
97
0
73
8
199
544
0
0
1641
48
1118
30
246
1661
82
1703
190
23
1044
1569
68
990
1102
41
18
653
838
0
1391
1457
1690
25
0
2545
30
19
23
0
720
2478
81
33
37
137
1098
9
27
1304
0
45
22
61
28
716
0
1251
53
0
1884
51
64
649
0
1061
683
908
1827
0
0
187
1882
1451
0
4
0
30
69
1587
222
52
66
1189
1709
5
0
179
91
350
914
589
340
16
0
421
297
1678
1649
172
0
1
45
791
278
30
73
1191
700
553
700
641
531
0
0
104
1567
609
24
0
415
4
147
1312
1925
1569
210
0
0
0
705
1090
62
42
24
0
836
0
6
71
0
0
15
13
656
14
1411
823
211
0
25
340
477
237
169
57
0
202
54
0
1232
0
1
39
0
34
0
1518
0
14
288
0
112
167
22
1341
206
27
21
1263
42
0
57
0
49
354
0
994
817
125
1021
87
735
0
3
0
0
23
0
1579
0
1087
55
76
1297
8
153
284
0
361
426
791
7
18
9
1485
12
39
1120
0
0
Case 9:
1124
34
2470
1820
3111
281
1124
10
624
62
50
513
42
28
0
3429
55
642
0
26
38
34
1123
29
20
1299
6
3373
2770
20
2798
62
1077
58
39
965
62
37
865
1177
27
1911
50
4306
65
40
3007
38
1326
4
183
31
56
550
26
1993
20
21
3806
1928
3077
7
48
0
1568
41
49
33
4
1725
312
1470
0
39
65
0
0
9
1540
3222
30
355
96
0
108
1176
13
46
54
2626
34
954
786
63
30
2002
73
0
943
1262
0
2369
31
4782
4238
2269
632
35
31
851
45
989
93
827
61
970
34
93
520
34
2708
1395
1783
15
40
22
4043
1433
1008
4267
41
20
1910
0
4349
493
29
0
1118
0
647
2699
23
1486
3909
1426
43
41
0
2930
1831
46
0
22
596
66
717
1153
28
24
0
860
26
687
1278
88
54
1015
604
24
3599
2651
61
0
3367
12
1983
1204
3596
16
1031
0
1881
0
0
53
2382
291
1088
18
55
243
945
2833
4840
620
44
3074
710
727
2215
0
63
2131
52
1745
1005
0
2437
1112
1392
4085
81
8
3316
58
58
519
1574
18
8
122
1320
3373
55
1661
36
834
963
3003
2389
0
35
0
1932
2733
1525
20
1858
42
1194
371
3557
7
14
681
0
25
0
13
386
1691
39
433
2202
0
0
58
1671
2089
0
504
1084
4041
13
2478
57
726
82
2259
1207
65
2378
12
0
16
43
3427
2938
1339
327
37
2702
19
365
0
2387
4245
3008
2066
0
8
30
1876
383
57
481
0
46
0
1303
48
68
1123
31
2753
170
21
756
209
13
60
0
0
0
23
0
13
521
212
19
0
74
1062
169
29
1795
0
755
1071
257
1993
1768
2207
2295
4
4
2699
0
3856
1523
952
65
3212
2783
0
20
0
0
0
7
0
0
1397
26
1718
311
57
29
53
788
0
3358
711
0
1145
13
0
0
246
1477
67
33
470
1569
114
48
0
21
26
70
1535
71
43
2950
0
0
2673
42
36
0
0
410
0
1
437
38
278
3088
115
263
26
171
2725
1280
17
3257
0
51
53
2163
986
2083
255
2778
3604
1797
336
48
702
73
0
3697
16
0
493
2413
1968
654
914
57
0
0
2572
20
339
55
72
3105
46
0
1117
2088
1787
1454
25
2549
35
23
2050
0
1604
31
105
2483
0
2066
3531
44
1641
0
66
3102
0
0
337
925
593
30
1550
1778
60
3882
668
590
0
0
460
0
1981
5
509
2689
2318
46
1126
2944
22
850
2578
1482
535
156
1429
0
1287
2994
718
23
2776
682
3020
65
1126
1070
44
0
0
1072
426
1826
54
0
1753
0
4
4249
3478
1044
15
1210
27
135
17
3
400
576
95
329
1
1327
0
0
0
179
0
536
664
3163
0
14
0
29
89
17
3270
13
4181
0
666
1655
39
1874
16
3088
133
0
28
2344
2603
1110
23
13
2207
58
2169
2018
0
97
1224
2909
555
2987
18
34
0
45
2676
66
2288
3414
0
40
0
472
53
0
28
2328
0
1355
11
Case 10:
30
51
97
46
28
42
21
56
84
0
0
35
228
228
0
137
183
0
89
25
23
231
167
252
0
0
299
54
66
0
21
288
309
21
66
0
9
53
0
83
395
0
130
118
50
66
282
70
80
294
128
158
80
0
0
210
0
0
12
178
1
0
0
0
80
24
108
132
46
91
0
1
24
0
52
0
27
0
52
93
0
66
0
0
0
0
25
125
98
27
10
0
3
0
15
24
0
0
58
0
24
0
36
29
45
90
41
0
123
0
0
0
56
56
0
42
56
0
6
29
0
36
110
2
15
15
36
3
0
10
0
0
69
47
21
0
0
1
0
69
93
47
30
0
3
20
100
0
27
0
165
165
1
0
73
3
0
128
128
37
49
3
0
8
41
0
125
51
185
0
2
0
186
0
54
3
280
44
117
22
185
90
0
22
90
102
227
90
19
211
90
0
0
0
96
45
22
0
191
63
264
0
44
0
100
0
167
111
0
40
14
111
151
72
0
111
62
0
62
28
0
0
51
15
0
0
45
157
82
114
114
133
24
32
30
29
36
91
91
1
34
0
0
13
74
4
64
35
12
19
92
108
158
21
35
82
88
35
158
31
0
0
6
0
0
0
57
0
136
24
0
19
57
0
35
0
234
0
79
0
0
174
95
195
45
20
0
109
174
38
0
55
72
0
0
79
0
0
0
35
0
23
0
23
0
50
0
7
0
88
0
58
83
17
47
70
12
0
17
43
0
22
5
0
0
7
41
0
7
14
0
7
17
10
0
0
0
0
126
75
57
16
7
23
23
0
0
52
73
124
0
21
63
136
0
7
71
0
8
42
179
10
74
0
74
24
74
0
45
15
0
36
39
15
29
31
58
79
0
30
88
64
0
0
30
131
145
30
14
121
59
30
56
35
99
22
56
88
88
31
98
0
127
88
31
Case 11:
1134
53
40
11895
3033
14897
21
2254
47
1478
59
3510
11034
35
57
3912
11
15061
7331
53
2304
8483
47
15384
6980
8396
18049
16556
10371
8373
0
25
8
2
40
1070
12137
8008
11183
21
35
Case 12:
60
6843
3392
1942
9402
4447
1063
40
63
9490
19
1312
36
62
6499
16
3944
4547
3691
16
14
6385
25
13
46
46
8525
33
50
45
46
57
54
2536
30
8
899
2466
7359
33
59
2016
7538
56
4085
33
16
57
0
27
48
7552
298
59
0
66
6
11474
4611
24
61
160
26
37
681
6759
4081
36
30
40
30
234
10
0
3713
28
1682
660
1237
41
5059
892
39
10228
8337
2768
29
11937
6675
7496
50
3077
3566
3505
3384
5931
786
6491
3789
3016
61
30
48
4460
5221
1393
11
20
33
17
36
1337
312
3
10
51
1
1047
53
61
20
41
6362
7658
964
3390
58
62
0
17
51
229
46
6086
12
0
1255
2
17
2789
3546
7764
747
53
34
57
44
41
27
40
44
353
3559
1402
59
58
10
24
0
4342
1995
0
3169
33
2248
26
5150
8385
0
20
34
59
0
61
8000
3412
2315
2437
10
8
47
46
42
0
2657
7083
22
4463
9646
0
25
1840
34
3
43
22
19
6891
1687
0
1645
45
69
59
2719
607
1128
0
Case 13:
281
20
31
990
726
35
17
48
604
379
94
316
6
588
44
32
557
1162
1128
470
558
40
0
585
44
1033
35
546
0
20
0
31
18
76
8
17
54
171
241
0
75
54
193
155
13
0
726
53
92
86
0
0
38
296
0
0
3
66
139
275
5
28
149
46
896
0
0
36
0
48
774
13
323
62
0
18
209
0
87
81
55
0
473
11
64
83
677
0
0
251
29
207
94
0
221
55
0
168
529
0
0
0
328
395
0
221
21
11
543
16
30
62
17
215
394
37
392
0
0
186
70
0
246
650
78
20
522
51
50
147
81
0
0
84
57
0
105
28
0
365
169
3
402
12
198
261
571
115
0
93
590
0
0
15
94
54
539
452
269
27
9
320
91
0
420
488
35
578
0
95
291
38
22
8
58
5
0
6
127
128
31
44
32
30
2
58
3
0
24
24
0
12
30
22
0
240
434
0
472
309
27
226
108
80
49
0
11
0
0
41
0
0
0
140
81
19
140
81
0
0
1
59
256
0
15
421
54
0
0
226
22
0
23
0
401
44
23
29
0
0
319
24
335
0
35
185
0
0
0
524
237
651
172
23
20
120
0
117
114
118
0
46
65
0
0
0
30
0
0
0
248
0
21
155
188
0
0
170
116
42
12
111
247
5
0
0
0
360
17
621
275
138
20
60
0
131
270
81
435
177
166
0
111
360
0
0
0
0
21
46
14
269
227
267
504
0
0
266
13
92
281
7
0
59
0
258
35
244
0
314
0
205
5
0
16
478
17
141
460
40
305
64
23
4
0
16
0
12
254
0
297
57
296
0
0
0
523
0
0
0
357
663
0
0
0
0
355
28
348
149
481
18
0
0
0
18
22
58
20
377
0
0
13
14
0
67
78
60
10
136
35
0
0
444
93
363
0
0
0
0
11
572
109
365
157
58
11
0
0
58
380
438
0
0
37
0
46
0
657
0
442
19
643
48
703
95
189
31
4
69
156
532
17
193
29
0
485
0
44
91
159
209
0
358
386
47
0
488
0
163
0
0
0
18
196
64
185
Case 14:
68
48
16
384
31
495
1
524
361
9
30
68
308
201
6
32
160
541
127
40
250
49
90
413
255
189
66
90
60
85
37
36
19
51
51
160
175
73
64
32
140
0
0
37
0
144
317
678
25
678
12
0
708
422
0
63
23
320
0
268
56
159
0
1
14
46
51
413
0
6
0
32
60
0
32
245
57
218
0
30
0
131
502
0
263
0
131
0
34
112
84
2
0
124
0
8
132
0
182
36
38
13
358
50
111
135
28
149
161
112
27
0
28
140
405
9
22
208
0
27
289
239
0
232
140
252
184
0
77
0
0
14
0
29
44
55
116
14
102
41
118
52
0
16
284
0
14
207
106
8
182
0
401
135
156
110
31
45
0
0
31
31
6
0
0
353
18
228
33
0
6
41
337
0
298
192
0
0
91
41
143
67
492
44
0
0
0
0
438
23
438
0
86
51
266
181
105
115
355
82
184
8
23
244
0
18
0
0
0
31
45
0
76
7
0
117
0
42
69
0
65
69
33
49
33
0
0
20
60
59
43
3
97
24
47
55
55
0
57
0
0
0
139
33
0
0
0
20
218
111
86
87
253
72
10
143
147
107
0
334
76
146
20
59
59
163
74
151
255
0
223
59
0
49
40
13
0
55
6
60
9
0
8
32
52
43
65
49
39
47
0
0
104
0
0
160
24
0
58
264
4
18
75
64
218
161
0
89
17
0
74
175
130
43
0
0
0
0
7
13
4
238
125
41
0
88
4
4
182
0
40
0
0
0
0
119
15
239
171
0
0
44
303
217
192
0
0
99
0
0
26
4
0
93
104
19
34
0
16
0
256
0
11
0
0
327
0
0
211
210
340
23
75
114
22
0
0
107
1
254
0
0
0
Case 15:
2415
1832
1137
43
738
182
4370
2747
669
274
1826
57
2512
15
63
39
60
47
12
1222
1408
63
1005
22
55
58
166
4572
175
2590
580
2887
53
8
60
3220
572
1
16
3699
51
8
16
2091
593
27
0
30
2538
113
1837
0
1614
36
3416
4430
1752
53
43
31
858
416
1
386
49
2135
3289
4181
1070
45
0
0
52
3656
3421
33
1259
42
1797
1659
1689
359
61
49
2613
22
88
29
62
32
2191
31
65
0
885
1400
2
32
10
0
23
2
2414
11
1757
1164
51
2522
487
0
68
18
191
18
1132
360
49
482
6
1709
32
1309
419
436
138
40
482
0
1838
2458
1270
1749
44
56
0
1316
39
1027
2527
1170
1093
2560
1989
3278
0
36
17
983
572
49
32
58
1837
262
2653
265
22
555
46
17
1887
0
115
1168
33
1804
46
443
1922
1082
652
1827
1963
2508
10
41
1033
1913
1725
8
263
2152
790
118
47
0
63
0
727
924
0
21
15
132
1608
16
0
0
1195
0
113
36
939
1090
0
720
2064
2202
21
322
944
68
2054
19
1903
0
10
0
7
984
3240
22
0
35
897
0
2389
1015
81
1299
54
2611
0
0
1567
0
1189
2582
0
14
0
1950
578
56
1430
50
0
204
0
1584
33
0
99
1294
1367
0
3208
1071
1
640
0
2882
378
27
2350
31
89
0
2495
828
1
947
1636
659
29
0
0
0
0
1705
839
0
1296
1
737
846
1151
1718
52
793
745
727
0
60
1197
1281
30
0
2818
76
623
36
1994
36
825
0
602
91
1029
962
6
0
26
0
68
1029
23
68
21
68
4
56
0
67
161
542
971
31
0
60
33
791
575
1029
0
0
2416
73
13
0
360
1391
993
0
1695
0
0
9
112
0
1334
1458
389
0
898
10
0
35
1244
672
1110
1845
625
698
Case 16:
3
294
336
1550
44
43
1027
26
17
27
10
1668
45
844
61
816
687
399
0
1484
50
1079
23
2
1487
450
857
492
35
711
564
777
0
2
217
38
10
1010
41
1465
1094
0
617
1290
63
430
36
44
1491
309
130
49
1918
764
963
1095
6
211
37
255
1
1053
10
37
61
560
22
365
19
642
44
1161
1243
0
27
31
251
13
578
75
39
1518
59
868
9
495
0
0
492
556
19
0
1437
1635
615
1208
331
21
199
911
53
0
607
52
62
91
659
83
0
218
140
293
0
918
778
293
1142
119
175
69
1
167
559
495
0
69
20
0
194
33
0
202
34
447
175
52
27
1155
456
0
150
0
0
268
0
0
0
29
0
0
68
0
39
0
15
18
877
7
20
0
86
418
563
0
550
0
365
32
1280
62
1191
28
577
0
509
0
612
0
1145
812
126
0
137
251
122
1357
100
122
0
59
7
253
146
0
857
0
512
0
539
0
368
0
0
15
901
567
203
308
0
11
205
1612
0
34
364
16
5
423
11
0
535
1054
0
241
29
206
125
0
440
74
0
923
335
0
0
519
1155
13
501
19
53
0
4
209
153
514
37
0
0
71
45
127
1459
282
27
27
0
959
204
77
21
456
560
64
28
49
835
0
0
22
564
497
0
756
1345
0
0
0
602
114
168
543
0
59
1114
13
0
71
772
0
1064
395
0
36
0
20
28
346
15
697
0
52
1001
74
0
0
119
256
0
21
1615
191
1157
16
0
709
607
57
83
311
77
905
0
488
694
836
438
12
676
0
52
684
5
0
678
Case 17:
15
7112
322
560
70
1782
8105
2197
2208
26
58
38
1054
3521
46
21
55
4
35
871
67
855
5984
4
6530
52
40
7585
3816
18
56
39
7774
5267
46
407
5231
12
14
6686
21
4928
5068
4971
29
1312
6687
6146
7031
49
50
40
22
8
3249
5545
48
1335
11011
48
43
42
2481
0
0
3098
50
28
2327
69
2171
4242
38
33
797
4572
844
5301
6834
56
2594
5153
30
61
3688
4029
3348
46
5178
29
0
4974
651
23
36
2807
0
39
62
428
0
1202
3903
21
0
2
145
1350
22
121
63
22
1031
34
3912
4459
2981
3750
5948
52
3512
22
0
2476
28
24
0
7813
1
1004
33
9168
5852
36
1519
3188
29
3873
34
6496
3
8
59
1508
218
15
1500
36
4650
33
589
769
6631
15
53
8340
61
43
5031
8
25
23
913
2184
0
2992
5402
31
27
54
7320
38
0
258
3975
2793
7083
0
0
1516
18
8481
20
63
0
18
8924
2065
1392
1130
57
7743
1057
0
0
0
64
2034
28
10
30
0
1458
5615
36
6160
4189
1929
19
816
1328
2149
35
0
57
4016
368
27
5629
1128
2068
5668
0
0
274
4403
4161
3888
3098
0
106
61
29
14
1807
14
0
53
1406
3911
3176
8246
5599
26
4070
5132
59
78
70
3795
428
0
6781
138
59
19
545
78
6013
30
2933
1501
0
0
3700
35
1401
0
1350
62
Case 18:
1662
7
49
47
903
53
141
1222
0
28
34
91
27
6
22
0
859
11
0
52
500
0
416
574
16
623
6
29
23
50
240
249
502
504
35
119
755
29
96
22
0
0
17
56
17
113
0
454
134
430
291
469
224
26
99
81
415
0
74
0
0
202
10
41
67
15
28
277
1023
0
109
45
0
347
32
56
536
402
38
33
748
384
528
157
108
10
823
58
70
28
499
584
0
13
1253
0
781
717
81
614
960
66
509
0
20
950
0
857
466
679
22
658
0
891
64
4
1067
46
182
627
20
101
37
0
0
114
549
567
25
675
0
0
958
122
208
16
339
0
0
847
67
653
46
67
17
11
0
0
0
215
277
31
43
209
74
70
510
0
3
0
602
17
0
0
0
295
15
424
6
55
29
26
450
12
0
29
42
311
0
206
418
414
187
32
193
603
77
0
236
6
0
0
24
661
0
17
998
385
0
0
0
0
39
177
33
188
124
211
617
23
722
29
0
27
0
276
276
107
0
0
0
55
3
875
0
0
429
0
24
208
54
709
61
76
181
774
0
20
0
1077
164
8
1229
0
3
905
251
588
0
0
0
263
631
664
0
51
0
384
0
56
0
17
8
327
51
51
659
322
43
412
297
76
752
703
429
282
938
50
0
61
0
762
0
0
0
176
1060
1176
15
3
0
1170
0
0
17
0
69
25
1097
25
0
0
223
661
23
33
30
0
0
0
493
0
0
0
0
0
88
0
0
264
795
0
1428
0
55
1017
484
0
0
0
0
793
1245
372
19
73
17
22
19
219
834
360
739
503
11
88
1111
35
0
6
Case 19:
1516
457
0
5932
21
3088
7
33
395
30
9
421
63
50
19
16062
30
11158
26
60
1
22
3215
61
33
608
17
13682
35
43
1382
1989
10730
8269
11
26
1769
6
3
1083
4320
6163
38
55
10428
13
10601
19
21
4074
2687
1576
0
58
62
45
13188
57
8626
22
2965
14358
291
0
9801
27
9181
30
698
5706
6701
4932
14
10
9206
1166
2839
7767
2888
8250
27
13
11844
6
8535
45
0
3846
214
3302
10
20
2046
1828
7515
10
54
2455
19
4680
3150
44
620
5732
12656
1953
7028
13442
47
219
48
39
57
8315
5848
10
11
7
1114
5864
21
60
13459
61
55
2310
48
2422
26
20
65
31
11988
58
3940
46
27
48
11950
50
0
14
17
53
27
2304
0
3777
3381
47
5917
31
7784
86
0
0
1812
7337
6
46
85
2003
3
28
12901
393
1795
3988
11
1598
4346
58
88
5
46
12
6902
11
3
9166
55
8792
31
6287
3223
9
1731
13
9768
7446
58
5822
29
0
6
61
6847
6959
10469
576
36
639
12
3501
0
44
50
22
0
0
41
4129
0
5281
0
59
50
42
6271
42
28
24
45
5112
2716
5805
26
35
0
5127
3609
57
10975
1956
27
0
2152
66
63
7
4582
55
4175
732
4
1259
9
40
88
744
7184
8
2137
9828
17
4533
0
2530
8693
5612
8
1072
3
7
0
9
0
9735
52
763
43
542
0
2238
61
3206
10490
3872
0
3143
45
3459
51
6171
1818
32
0
0
22
3712
3178
74
199
0
3702
7084
3065
5582
0
9053
4719
48
25
5
6762
6560
0
544
75
0
9836
1713
41
1817
0
5060
52
421
1627
85
12066
6
665
1244
30
30
10
5262
30
31
1724
3037
11316
3786
33
53
56
42
1486
8
5173
501
37
56
12877
10
173
50
1539
10569
35
27
49
27
0
46
4061
8242
35
5283
470
54
0
0
27
6803
26
7843
2937
4517
26
0
35
4009
3133
39
27
4987
50
79
43
7
Case 20:
3896
31
36
16
3
8
15
24
2110
1498
12
20
2039
30
4441
2104
23
51
582
55
2189
4574
0
3309
48
961
4422
5260
1330
452
2505
4330
3871
3503
2523
5910
22
1471
59
42
3997
28
16
20
59
2559
62
3089
20
14
66
1832
47
2392
3
48
1542
31
12
10
60
0
2803
49
2924
4143
0
2266
4635
1960
697
41
48
46
60
2192
30
6204
333
3926
960
78
39
2240
0
41
49
2488
49
7
68
1876
875
311
58
44
0
734
4770
6004
11
2714
45
0
4793
273
2107
1
29
3794
1655
6049
850
2661
1156
2741
52
2055
62
1032
4260
238
22
0
3041
18
59
7425
39
890
9
33
62
0
3432
7
0
641
1060
0
34
0
37
0
3443
2078
2773
41
0
2440
103
90
0
2808
39
368
19
859
23
59
61
8
5167
16
6394
22
5536
66
6294
129
14
6488
6932
883
0
3420
23
4669
6
5
2887
49
2053
22
27
2728
1956
2334
7469
2650
9
0
3508
29
2086
3226
880
881
25
51
82
5855
7601
51
71
6073
0
4469
3953
0
637
137
73
2473
10
76
3974
1714
871
3041
466
17
0
44
41
17
1626
3009
1347
6
330
653
12
71
0
40
4108
4946
58
7
4184
29
17
1003
64
20
60
1638
76
457
2390
1498
2176
0
4485
56
419
2972
484
1685
0
4359
4857
36
70
0
15
39
3654
3706
45
1334
418
3539
0
52
2864
939
3356
2658
0
61
658
4
3
979
453
2842
654
1928
9
3561
422
9
4733
3843
510
974
81
14
41
63
0
41
7
1830
632
61
13
49
14
0
2363
9
2462
59
0
1134
2810
840
4258
346
0
2136
29
0
2427
0
0
66
1337
62
21
36
0
53
0
252
0
1549
1371
66
1846
0
12
31
1560
45
0
53
1576
0
50
63
89
41
0
3753
27
92
